Command :
02 F0 00 55 00 AA 00 00 20 00 00 88 23 04 00 00 00 00 00 00 00 00 00 02 00 00 00 00 00 00 00 02 00 00 00 02 00 00 00 04 00 00 00 00 00 00 00 00 00 00 00 00 00 00 00 00 00 FA 00 00 3A 80 00 00 80 FA 00 00 00 06 00 02 00 FA 00 FA FF 07 00 00 0F 78 00 1E 00 78 00 24 00 07 00 00 04 E0 00 02 00 32 00 00 00 28 00 71 00 07 00 1E 00 78 00 2A 00 07 00 00 04 E0 00 02 00 32 00 00 00 24 00 6B 00 07 00 1E 00 78 00 32 00 07 00 00 04 E0 00 02 00 32 00 00 20 20 00 65 00 07 00 1E 00 78 00 3A 00 07 00 00 04 E0 00 02 00 32 00 00 08 20 00 5F 00 07 00 1E 00 78 00 42 00 07 00 00 04 E0 00 02 00 32 00 00 04 20 00 59 00 07 00 1E 00 78 00 4A 00 07 00 00 04 E0 00 02 00 32 00 00 01 20 00 53 00 07 00 00 80 FA 00 00 00 06 00 04 00 FA 00 10 07 98 00 00 40 EB 00 00 4F 78 00

Response 
02 F0 00 55 00 AA 00 00 20 00 00 01

Command :
02 F0 00 55 00 AA 00 78 20 00 00 1E 00 90 00 00 00 E0 00 02 00 3D 00 10 C0 B3 00 00 4F 78 00 1E 40 78 00 00 80 FA 00 00 00 06 00 04 00 FA 00 10 07 98 00 00 40 EB 00 00 4F 78 00 9E 00 90 00 00 00 24 00 00 80 60 00 00 00 E0 00 02 00 32 00 10 C0 B3 00 00 4F 78 00 1E 40 78 00 00 80 FA 00 00 00 06 00 04 00 FA 00 10 07 98 00 00 40 EB 00 00 4F 78 00 9E 00 90 00 00 20 20 00 00 80 60 00 00 00 E0 00 02 00 32 00 10 C0 B3 00 00 4F 78 00 1E 40 78 00 00 80 FA 00 00 00 06 00 04 00 FA 00 10 07 98 00 00 40 EB 00 00 4F 78 00 9E 00 90 00 00 08 20 00 00 80 60 00 00 00 E0 00 02 00 32 00 10 C0 B3 00 00 4F 78 00 1E 40 78 00 00 80 FA 00 00 00 06 00 04 00 FA 00 10 07 98 00 00 40 EB 00 00 4F 78 00 9E 00 90 00 00 04 20 00 00 80 60 00 00 00 E0 00 02 00 32 00 10 C0 B3 00
Response :
02 F0 00 55 00 AA 00 78 20 00 00 01

02 F0 00 55 00 AA 00 F0 20 00 00 00 4F 78 00 1E 40 78 00 00 80 FA 00 00 00 06 00 04 00 FA 00 10 07 98 00 00 40 EB 00 00 4F 78 00 1E 00 90 00 70 00 60 00 00 00 E0 00 02 00 32 00 10 C0 B3 00 00 4F 78 00 1E 40 78 00 00 80 FA 00 00 00 06 00 02 00 FA 00 00 0F 78 00 9E 80 EA 00 00 3A 80 00 00 80 60 00 00 3A 88 00 00 80 FA 00 00 00 06 00 00 00 FA 00 40 27 EF 00 00 80 FA 00 00 00 06 00 00 00 FA 00 04 2E EF 00 14 2E EF 00 24 2E EF 00 00 00 28 00 A0 71 88 00 44 2E EF 00 54 2E EF 00 64 2E EF 00 30 F9 2D 00 00 70 88 00 00 80 EB 00 80 70 88 00 F0 FF 23 00 00 71 88 00 E0 17 27 00 80 71 88 00 30 30 2F 00 00 72 88 00 30 6F 23 00 80 72 88 00 F0 FC 2F 00 00 73 88 00 0C 2E EF 00 1C 2E EF 00 2C 2E EF 00 3C 2E EF 00 4C 2E EF 00 5C 2E EF 00 6C 2E EF 00 0A 2E EF 00

02 F0 00 55 00 AA 00 68 21 00 00 1A 2E EF 00 2A 2E EF 00 00 00 28 00 D0 71 88 00 4A 2E EF 00 5A 2E EF 00 6A 2E EF 00 06 2E EF 00 16 2E EF 00 26 2E EF 00 36 2E EF 00 46 2E EF 00 56 2E EF 00 66 2E EF 00 30 A1 2D 00 70 70 88 00 F0 38 20 00 F0 70 88 00 F0 C3 20 00 70 71 88 00 00 00 24 00 F0 71 88 00 30 30 2F 00 70 72 88 00 00 63 23 00 F0 72 88 00 C0 FC 28 00 70 73 88 00 00 80 FA 00 00 00 06 00 02 00 FA 00 00 0F 78 00 03 00 37 00 00 17 21 00 11 00 20 00 32 02 07 00 1E 00 78 00 00 F0 A7 00 00 00 EA 00 00 00 EA 00 4F 00 DE 00 00 40 78 00 1E 0F E9 00 00 04 E0 00 F4 FF 3A 00 00 80 FA 00 00 00 06 00 02 00 FA 00 00 0F 78 00 05 00 37 00 00 8C 20 00 01 00 20 00 21 02 07 00 01 FE 2F 00 1E 8F 40 00 1E 00 78 00 FF 0F 50 00 F8 FF 3E 00 03 00 37 00 60 04 20 00

02 F0 00 55 00 AA 00 E0 21 00 00 01 00 20 00 18 02 07 00 1E 00 78 00 00 F0 A7 00 00 00 EA 00 00 00 EA 00 4F 00 DE 00 00 40 78 00 1E 0F E9 00 00 04 E0 00 F4 FF 3A 00 00 80 FA 00 00 00 06 00 00 00 FA 00 00 80 FA 00 00 00 06 00 70 25 04 00 00 00 00 00 82 24 04 00 00 00 00 00 C4 24 04 00 00 00 00 00 24 25 04 00 00 00 00 00 A2 24 04 00 00 00 00 00 E4 24 04 00 00 00 00 00 04 25 04 00 00 00 00 00 44 25 04 00 00 00 00 00 00 22 04 00 00 00 00 00 00 22 04 00 00 00 00 00 00 22 04 00 00 00 00 00 00 22 04 00 00 00 00 00 00 22 04 00 00 00 00 00 00 22 04 00 00 00 00 00 00 22 04 00 00 00 00 00 00 22 04 00 00 00 00 00 00 22 04 00 00 00 00 00 00 22 04 00 00 00 00 00 00 22 04 00 00 00 00 00 00 22 04 00 00 00 00 00 00 22 04 00 00 00 00 00 00 22 04 00 00 00 00 00


02 F0 00 55 00 AA 00 58 22 00 00 00 22 04 00 00 00 00 00 00 22 04 00 00 00 00 00 00 22 04 00 00 00 00 00 00 22 04 00 00 00 00 00 00 22 04 00 00 00 00 00 00 22 04 00 00 00 00 00 00 22 04 00 00 00 00 00 00 22 04 00 00 00 00 00 00 22 04 00 00 00 00 00 00 22 04 00 00 00 00 00 00 22 04 00 00 00 00 00 00 22 04 00 00 00 00 00 00 22 04 00 00 00 00 00 00 22 04 00 00 00 00 00 00 22 04 00 00 00 00 00 00 22 04 00 00 00 00 00 00 22 04 00 00 00 00 00 00 22 04 00 00 00 00 00 00 22 04 00 00 00 00 00 00 22 04 00 00 00 00 00 00 22 04 00 00 00 00 00 00 22 04 00 00 00 00 00 00 22 04 00 00 00 00 00 00 22 04 00 00 00 00 00 00 22 04 00 00 00 00 00 00 22 04 00 00 00 00 00 00 22 04 00 00 00 00 00 00 22 04 00 00 00 00 00 00 22 04 00 00 00 00 00 00 22 04 00 00 00 00 00


02 F0 00 55 00 AA 00 D0 22 00 00 00 22 04 00 00 00 00 00 00 22 04 00 00 00 00 00 00 22 04 00 00 00 00 00 00 22 04 00 00 00 00 00 00 22 04 00 00 00 00 00 00 22 04 00 00 00 00 00 00 22 04 00 00 00 00 00 00 22 04 00 00 00 00 00 00 22 04 00 00 00 00 00 00 22 04 00 00 00 00 00 00 22 04 00 00 00 00 00 00 22 04 00 00 00 00 00 00 22 04 00 00 00 00 00 00 22 04 00 00 00 00 00 00 22 04 00 00 00 00 00 00 22 04 00 00 00 00 00 00 22 04 00 00 00 00 00 00 22 04 00 00 00 00 00 00 22 04 00 00 00 00 00 00 22 04 00 00 00 00 00 00 22 04 00 00 00 00 00 00 22 04 00 00 00 00 00 00 22 04 00 00 00 00 00 00 22 04 00 00 00 00 00 00 22 04 00 00 00 00 00 00 22 04 00 00 00 00 00 00 22 04 00 00 00 00 00 00 22 04 00 00 00 00 00 00 22 04 00 00 00 00 00 00 22 04 00 00 00 00 00


02 F0 00 55 00 AA 00 48 23 00 00 00 22 04 00 00 00 00 00 00 22 04 00 00 00 00 00 00 22 04 00 00 00 00 00 00 22 04 00 00 00 00 00 00 22 04 00 00 00 00 00 00 22 04 00 00 00 00 00 00 22 04 00 00 00 00 00 00 22 04 00 00 00 00 00 00 22 04 00 00 00 00 00 00 22 04 00 00 00 00 00 00 22 04 00 00 00 00 00 00 22 04 00 00 00 00 00 00 22 04 00 00 00 00 00 00 22 04 00 00 00 00 00 00 22 04 00 00 00 00 00 00 22 04 00 00 00 00 00 2F 02 21 00 0E FF 28 00 0E 01 88 00 00 00 00 00 00 00 20 00 00 00 E0 00 02 00 32 00 00 01 20 00 20 02 88 00 14 00 07 00 EB 00 07 00 00 00 E0 00 03 00 3A 00 80 64 22 00 01 00 20 00 02 00 37 00 00 00 20 00 01 00 20 00 81 0F 70 00 01 00 32 00 0F 00 07 00 00 00 20 00 00 00 E0 00 02 00 32 00 00 00 02 00 00 00 00 00 F6 25 02 00 00 00 00 00


02 F0 00 55 00 AA 00 C0 23 00 00 00 40 DA 00 00 00 FE 00 20 00 20 00 00 00 E0 00 02 00 32 00 10 00 20 00 90 01 88 00 00 00 06 00 A1 02 88 00 80 04 78 00 00 00 EB 00 1F 00 37 00 E2 84 44 00 54 A0 B4 00 99 05 BA 00 E2 84 44 00 54 A0 B4 00 99 06 BA 00 E2 84 44 00 54 A0 B4 00 00 06 EB 00 47 6F DE 00 FD 07 B2 00 AE 01 88 00 63 6C E1 00 03 00 3A 00 0A D8 01 00 00 00 EB 00 0E 00 37 00 60 6C E1 00 08 00 3A 00 00 4D EB 00 0A 05 E8 00 02 00 39 00 34 20 EC 00 0A F0 A0 00 8B 05 E9 00 F9 FF 3E 00 04 00 37 00 61 68 E1 00 01 00 32 00 00 86 EB 00 0B 00 07 00 19 C7 BA 00 0E 04 E0 00 19 05 BA 00 03 00 3A 00 0A 00 E0 00 DB FF 3A 00 00 00 06 00 FE 07 B2 00 AE 02 88 00 8A 04 78 00 F5 FF 37 00 0C D0 A3 00 E2 0F 4D 00 1C 00 3B 00 89 02 78 00 35 4D BA 00 0A 05 E8 00

02 F0 00 55 00 AA 00 38 24 00 00 02 00 39 00 34 20 EC 00 0A F0 A0 00 8B 05 E9 00 0F 00 32 00 25 4D BA 00 0A 05 E8 00 02 00 39 00 34 20 EC 00 0A F0 A0 00 8B 05 E9 00 08 00 32 00 0C 00 E0 00 06 00 32 00 15 CD BA 00 0A 05 E8 00 02 00 39 00 34 20 EC 00 0A F0 A0 00 8B 05 E9 00 89 84 E8 00 54 A0 B4 00 0B 00 E0 00 E2 FF 3A 00 00 00 06 00 99 02 BA 00 05 5D 78 00 8B 05 E9 00 F7 FF 32 00 C8 2A DE 00 05 5D 78 00 8B 05 E9 00 F3 FF 32 00 0C 00 E0 00 F1 FF 32 00 19 DD BA 00 EE FF 37 00 36 00 F8 00 80 9F BE 00 82 9F BE 00 84 9F BE 00 86 9F BE 00 00 00 FA 00 C0 28 A9 00 00 00 EB 00 CE 00 07 00 00 80 FA 00 4F 03 BE 00 4F 02 BE 00 4F 01 BE 00 4F 00 BE 00 36 00 F9 00 00 40 06 00 36 00 F8 00 80 9F BE 00 82 9F BE 00 84 9F BE 00 86 9F BE 00 00 00 FA 00 C5 00 07 00

02 F0 00 55 00 AA 00 B0 24 00 00 C0 48 A9 00 10 00 20 00 BD 00 07 00 00 80 FA 00 4F 03 BE 00 4F 02 BE 00 4F 01 BE 00 4F 00 BE 00 36 00 F9 00 00 40 06 00 36 00 F8 00 80 9F BE 00 82 9F BE 00 84 9F BE 00 86 9F BE 00 00 00 FA 00 C0 68 A9 00 20 00 20 00 AD 00 07 00 00 80 FA 00 4F 03 BE 00 4F 02 BE 00 4F 01 BE 00 4F 00 BE 00 36 00 F9 00 00 40 06 00 36 00 F8 00 80 9F BE 00 82 9F BE 00 84 9F BE 00 86 9F BE 00 00 00 FA 00 C0 88 A9 00 30 00 20 00 9D 00 07 00 00 80 FA 00 4F 03 BE 00 4F 02 BE 00 4F 01 BE 00 4F 00 BE 00 36 00 F9 00 00 40 06 00 36 00 F8 00 80 9F BE 00 82 9F BE 00 84 9F BE 00 86 9F BE 00 00 00 FA 00 C0 A8 A9 00 40 00 20 00 8D 00 07 00 00 80 FA 00 4F 03 BE 00 4F 02 BE 00 4F 01 BE 00 4F 00 BE 00 36 00 F9 00 00 40 06 00 36 00 F8 00 80 9F BE 00

02 F0 00 55 00 AA 00 28 25 00 00 82 9F BE 00 84 9F BE 00 86 9F BE 00 00 00 FA 00 C6 08 A9 00 70 00 20 00 7D 00 07 00 00 80 FA 00 4F 03 BE 00 4F 02 BE 00 4F 01 BE 00 4F 00 BE 00 36 00 F9 00 00 40 06 00 36 00 F8 00 80 9F BE 00 82 9F BE 00 84 9F BE 00 86 9F BE 00 00 00 FA 00 21 46 80 00 00 02 20 00 00 80 60 00 00 00 E0 00 03 00 32 00 C4 A8 A9 00 90 00 20 00 68 00 07 00 20 46 80 00 70 00 60 00 00 00 E0 00 03 00 32 00 C4 88 A9 00 A0 00 20 00 61 00 07 00 FF FF 37 00 00 40 DA 00 00 00 FE 00 00 00 05 00 00 00 FA 00 00 00 23 00 20 3A 88 00 48 27 EF 00 4E 27 EF 00 40 04 20 00 30 3A 88 00 60 27 EF 00 62 27 EF 00 64 27 EF 00 66 27 EF 00 6A 27 EF 00 6C 27 EF 00 32 00 20 00 80 07 20 00 A1 09 20 00 33 74 20 00 80 49 78 00 81 49 78 00 82 49 78 00 12 00 20 00

02 F0 00 55 00 AA 00 A0 25 00 00 60 04 20 00 71 05 20 00 23 74 20 00 80 49 78 00 81 49 78 00 82 49 78 00 00 00 00 00 10 3A 80 00 61 00 60 00 00 00 E0 00 FC FF 3A 00 00 00 00 00 11 3A 80 00 00 02 20 00 00 80 60 00 00 00 E0 00 FB FF 32 00 00 80 FA 00 00 00 06 00 02 00 FA 00 00 0F 78 00 21 02 80 00 20 0F 20 00 00 80 60 00 1E 00 70 00 20 02 88 00 00 80 FA 00 00 00 06 00 00 00 FA 00 C3 E8 A8 00 00 00 00 00 00 00 00 00 00 80 FA 00 00 00 06 00 00 00 FA 00 A1 FD 07 00 08 FE 07 00 C5 FF 07 00 F5 FF 07 00 00 02 20 00 EA FF 07 00 00 80 FA 00 00 00 06 00 00 00 FA 00 F5 FF 07 00 35 EE A8 00 80 3E 20 00 D2 FD 07 00 35 EE A9 00 80 3E 20 00 CF FD 07 00 35 EE A8 00 40 1F 20 00 CC FD 07 00 35 EE A9 00 40 1F 20 00 C9 FD 07 00 F3 FF 37 00 F0 3F B1 00 01 80 B1 00

02 88 00 55 00 AA 00 18 26 00 00 06 00 35 00 EE 03 09 00 00 00 00 00 40 3F B1 00 01 80 B1 00 FB FF 3D 00 10 00 B0 00 20 3F B0 00 02 00 35 00 00 80 09 00 00 00 00 00 00 00 06 00 02 00 FA 00 00 0F 78 00 9E 00 78 00 01 80 88 00 FF FF 37 00 00 00 FA 00 20 00 21 00 80 07 78 00 A0 01 21 00 00 01 88 00 00 80 FA 00 00 00 06 00 02 10 00 00 20 00 00 00 80 00 00 00 00 10 00 00 02 00 00 00 82 00 00 00 FF FF 00 00 00 00 00 00 FF FF 37 00 FF FF FF 00


Read Commands

01 f4 00 55 00 AA 00 00 20 00 00
01 f4 00 55 00 AA 00 78 20 00 00
01 f4 00 55 00 AA 00 F0 20 00 00
01 f4 00 55 00 AA 00 68 21 00 00
01 f4 00 55 00 AA 00 E0 21 00 00
01 f4 00 55 00 AA 00 58 22 00 00
01 f4 00 55 00 AA 00 D0 22 00 00
01 f4 00 55 00 AA 00 48 23 00 00
01 f4 00 55 00 AA 00 C0 23 00 00
01 f4 00 55 00 AA 00 38 24 00 00
01 f4 00 55 00 AA 00 B0 24 00 00
01 f4 00 55 00 AA 00 28 25 00 00
01 f4 00 55 00 AA 00 A0 25 00 00
01 50 00 55 00 AA 00 18 26 00 00
 

 
 
 
 
 